0 0.97734375 0.345703125 0.0453125 0.046875
0 0.59140625 0.3603515625 0.0234375 0.064453125
0 0.8609375 0.3564453125 0.025 0.064453125
0 0.90625 0.3544921875 0.0625 0.060546875
0 0.4453125 0.3623046875 0.025 0.064453125
0 0.634375 0.361328125 0.034375 0.0703125
0 0.8203125 0.359375 0.03125 0.0703125
0 0.27734375 0.357421875 0.0296875 0.06640625
0 0.19765625 0.3544921875 0.0296875 0.060546875
0 0.1453125 0.3525390625 0.028125 0.056640625
0 0.50859375 0.36328125 0.0421875 0.078125
0 0.73046875 0.359375 0.1109375 0.0703125
0 0.08984375 0.3515625 0.0296875 0.05859375