0 0.78359375 0.4208984375 0.1234375 0.044921875
0 0.1171875 0.4130859375 0.025 0.068359375
0 0.39609375 0.4189453125 0.0953125 0.064453125
0 0.8703125 0.4267578125 0.025 0.044921875
0 0.1484375 0.412109375 0.034375 0.0703125
0 0.20703125 0.4140625 0.0546875 0.06640625
0 0.96796875 0.4189453125 0.0640625 0.033203125
0 0.90859375 0.4248046875 0.0328125 0.041015625
0 0.015625 0.4072265625 0.028125 0.076171875
0 0.071875 0.4091796875 0.034375 0.064453125
0 0.5921875 0.4287109375 0.246875 0.080078125
0 0.27109375 0.416015625 0.0484375 0.06640625