0 0.85078125 0.43359375 0.1203125 0.05078125
0 0.96640625 0.431640625 0.0640625 0.046875
0 0.41953125 0.4541015625 0.0109375 0.025390625
0 0.275 0.447265625 0.015625 0.03515625
0 0.4328125 0.4453125 0.01875 0.0390625
0 0.559375 0.443359375 0.040625 0.0390625
0 0.06328125 0.451171875 0.0171875 0.03125
0 0.47578125 0.4443359375 0.0359375 0.041015625
0 0.66171875 0.4423828125 0.0203125 0.044921875
0 0.62265625 0.443359375 0.0203125 0.04296875
0 0.52265625 0.443359375 0.0234375 0.04296875
0 0.30625 0.4462890625 0.021875 0.041015625
0 0.36484375 0.4453125 0.0234375 0.0390625
0 0.70546875 0.4423828125 0.0234375 0.048828125
0 0.16796875 0.44921875 0.0296875 0.0390625
0 0.75703125 0.4404296875 0.0515625 0.048828125