0 0.4328125 0.3994140625 0.015625 0.041015625
0 0.49609375 0.3955078125 0.0078125 0.033203125
0 0.75234375 0.3994140625 0.0109375 0.029296875
0 0.2515625 0.3681640625 0.015625 0.060546875
0 0.46953125 0.390625 0.0203125 0.0625
0 0.9921875 0.4052734375 0.015625 0.025390625
0 0.5359375 0.404296875 0.05625 0.04296875
0 0.0765625 0.359375 0.01875 0.0703125
0 0.9046875 0.40625 0.025 0.03125
0 0.5828125 0.4013671875 0.0125 0.037109375
0 0.63125 0.4033203125 0.05 0.041015625
0 0.71796875 0.400390625 0.0109375 0.03515625
0 0.87421875 0.3994140625 0.0171875 0.041015625
0 0.94765625 0.412109375 0.0453125 0.02734375