0 0.996875 0.419921875 0.00625 0.0234375
0 0.653125 0.40234375 0.009375 0.03125
0 0.61796875 0.400390625 0.0109375 0.03125
0 0.4421875 0.41015625 0.015625 0.02734375
0 0.97578125 0.416015625 0.0203125 0.03125
0 0.07734375 0.375 0.0171875 0.046875
0 0.2125 0.369140625 0.01875 0.0625
0 0.1515625 0.3701171875 0.01875 0.064453125
0 0.8171875 0.41015625 0.009375 0.03125
0 0.278125 0.37109375 0.01875 0.078125
0 0.49140625 0.4111328125 0.0671875 0.041015625
0 0.56875 0.4013671875 0.0125 0.037109375
0 0.6890625 0.40625 0.0125 0.03515625
0 0.73203125 0.4091796875 0.0203125 0.037109375
0 0.7625 0.4091796875 0.021875 0.033203125
0 0.93203125 0.416015625 0.0328125 0.03515625
0 0.88984375 0.4091796875 0.0265625 0.037109375