0 0.725 0.447265625 0.034375 0.046875
0 0.88984375 0.4150390625 0.0078125 0.025390625
0 0.7953125 0.4326171875 0.078125 0.048828125
0 0.16875 0.556640625 0.075 0.06640625
0 0.5484375 0.4794921875 0.0125 0.056640625
0 0.2984375 0.5302734375 0.046875 0.060546875
0 0.62265625 0.4658203125 0.0140625 0.052734375
0 0.015625 0.5830078125 0.01875 0.056640625
0 0.85625 0.4228515625 0.015625 0.037109375
0 0.69375 0.451171875 0.015625 0.05078125
0 0.24375 0.5400390625 0.028125 0.060546875
0 0.5765625 0.4765625 0.028125 0.0625
0 0.07578125 0.5712890625 0.0328125 0.056640625
0 0.525 0.4833984375 0.025 0.064453125
0 0.6671875 0.4560546875 0.01875 0.056640625
0 0.3734375 0.513671875 0.034375 0.0625
0 0.42109375 0.501953125 0.0296875 0.0703125