0 0.92734375 0.8349609375 0.0171875 0.033203125
0 0.11171875 0.8818359375 0.0421875 0.056640625
0 0.89921875 0.8447265625 0.0234375 0.044921875
0 0.95703125 0.8291015625 0.0203125 0.033203125
0 0.9859375 0.828125 0.025 0.03515625
0 0.85390625 0.8427734375 0.0203125 0.037109375
0 0.67890625 0.86328125 0.0890625 0.0625
0 0.3828125 0.8681640625 0.01875 0.033203125
0 0.4328125 0.87109375 0.028125 0.04296875
0 0.403125 0.8720703125 0.028125 0.044921875
0 0.015625 0.8837890625 0.03125 0.056640625
0 0.7546875 0.8544921875 0.04375 0.048828125
0 0.1984375 0.8681640625 0.021875 0.037109375
0 0.5 0.869140625 0.03125 0.046875
0 0.04765625 0.880859375 0.0328125 0.05078125
0 0.57265625 0.865234375 0.0984375 0.05859375
0 0.30078125 0.876953125 0.0359375 0.0546875
0 0.24296875 0.8818359375 0.0421875 0.060546875
0 0.46796875 0.8701171875 0.0328125 0.048828125