0 0.04296875 0.623046875 0.0203125 0.0703125
0 0.93203125 0.572265625 0.0140625 0.046875
0 0.2828125 0.5693359375 0.04375 0.146484375
0 0.90625 0.5712890625 0.015625 0.052734375
0 0.97421875 0.515625 0.0515625 0.140625
0 0.60703125 0.546875 0.0421875 0.15234375
0 0.6859375 0.583984375 0.059375 0.0546875
0 0.76328125 0.580078125 0.0421875 0.05078125
0 0.82734375 0.5751953125 0.0234375 0.052734375
0 0.55859375 0.5927734375 0.0203125 0.052734375
0 0.43515625 0.603515625 0.0171875 0.05078125
0 0.86640625 0.572265625 0.0234375 0.0546875
0 0.5046875 0.5966796875 0.021875 0.052734375