0 0.47578125 0.57421875 0.0171875 0.04296875
0 0.10078125 0.6015625 0.0171875 0.046875
0 0.5453125 0.56640625 0.01875 0.03515625
0 0.23125 0.5908203125 0.015625 0.048828125
0 0.1734375 0.59765625 0.01875 0.05859375
0 0.3703125 0.5859375 0.01875 0.05859375
0 0.015625 0.603515625 0.021875 0.0546875
0 0.3921875 0.583984375 0.01875 0.05859375
0 0.7875 0.55859375 0.034375 0.0625
0 0.14296875 0.6005859375 0.0203125 0.056640625
0 0.4359375 0.5830078125 0.025 0.064453125
0 0.26875 0.5908203125 0.021875 0.060546875
0 0.34453125 0.58984375 0.0234375 0.05859375
0 0.9546875 0.5380859375 0.025 0.068359375
0 0.83984375 0.55078125 0.0234375 0.06640625
0 0.7265625 0.5625 0.028125 0.05859375