0 0.9515625 0.6318359375 0.0125 0.033203125
0 0.10703125 0.7333984375 0.0484375 0.037109375
0 0.57265625 0.66796875 0.1203125 0.05859375
0 0.803125 0.646484375 0.08125 0.04296875
0 0.22890625 0.7109375 0.0109375 0.0390625
0 0.98203125 0.6328125 0.0359375 0.02734375
0 0.434375 0.6865234375 0.015625 0.041015625
0 0.0125 0.73828125 0.021875 0.04296875
0 0.26171875 0.7109375 0.0421875 0.0390625
0 0.4765625 0.68359375 0.05 0.046875
0 0.0484375 0.736328125 0.0125 0.0390625
0 0.19609375 0.7158203125 0.0296875 0.041015625
0 0.15546875 0.7255859375 0.0296875 0.037109375
0 0.3140625 0.705078125 0.05 0.0390625
0 0.91328125 0.634765625 0.0390625 0.03515625
0 0.38046875 0.6982421875 0.0578125 0.041015625
0 0.86953125 0.6357421875 0.0265625 0.037109375
0 0.7 0.658203125 0.09375 0.046875