0 0.52890625 0.18359375 0.0296875 0.03515625
0 0.81953125 0.18359375 0.0140625 0.03515625
0 0.4171875 0.1748046875 0.059375 0.037109375
0 0.90625 0.1884765625 0.009375 0.029296875
0 0.115625 0.1640625 0.03125 0.0390625
0 0.75234375 0.18359375 0.0140625 0.03125
0 0.06328125 0.166015625 0.0296875 0.04296875
0 0.228125 0.1611328125 0.0125 0.033203125
0 0.721875 0.177734375 0.015625 0.0390625
0 0.85546875 0.1865234375 0.0328125 0.037109375
0 0.9953125 0.1953125 0.009375 0.03125
0 0.775 0.181640625 0.015625 0.03515625
0 0.18125 0.1669921875 0.053125 0.037109375
0 0.26015625 0.162109375 0.0296875 0.03515625
0 0.3375 0.1728515625 0.065625 0.044921875
0 0.95078125 0.19921875 0.0546875 0.03125