0 0.7359375 0.7080078125 0.05 0.076171875
0 0.91015625 0.70703125 0.1171875 0.0859375
0 0.68046875 0.6962890625 0.0609375 0.083984375
0 0.52734375 0.6982421875 0.0296875 0.076171875
0 0.79609375 0.7109375 0.0765625 0.0703125
0 0.984375 0.7080078125 0.03125 0.076171875
0 0.25546875 0.6982421875 0.2171875 0.099609375
0 0.090625 0.69140625 0.0625 0.08984375
0 0.4859375 0.6962890625 0.0375 0.083984375
0 0.015625 0.68359375 0.03125 0.08984375
0 0.59296875 0.6982421875 0.0734375 0.087890625
0 0.4125 0.6943359375 0.046875 0.091796875