0 0.046875 0.7421875 0.090625 0.0546875
0 0.96640625 0.6591796875 0.0078125 0.029296875
0 0.325 0.7099609375 0.05 0.052734375
0 0.9890625 0.6552734375 0.021875 0.037109375
0 0.271875 0.71484375 0.015625 0.04296875
0 0.68515625 0.6787109375 0.1265625 0.052734375
0 0.190625 0.7255859375 0.0125 0.037109375
0 0.8296875 0.6640625 0.0125 0.04296875
0 0.4734375 0.6943359375 0.0125 0.044921875
0 0.396875 0.703125 0.053125 0.0546875
0 0.94296875 0.6611328125 0.0265625 0.037109375
0 0.540625 0.6953125 0.103125 0.05078125
0 0.4453125 0.6982421875 0.015625 0.048828125
0 0.14453125 0.732421875 0.0671875 0.046875
0 0.22734375 0.724609375 0.0515625 0.04296875
0 0.80390625 0.6630859375 0.0203125 0.052734375
0 0.77421875 0.662109375 0.0171875 0.05859375
0 0.87421875 0.66796875 0.0640625 0.04296875