0 0.6328125 0.8408203125 0.03125 0.052734375
0 0.8640625 0.8095703125 0.090625 0.041015625
0 0.25 0.87890625 0.009375 0.0234375
0 0.6046875 0.845703125 0.034375 0.0625
0 0.4328125 0.8681640625 0.140625 0.076171875
0 0.759375 0.830078125 0.1 0.05078125
0 0.21796875 0.884765625 0.0328125 0.02734375
0 0.67421875 0.8369140625 0.0546875 0.056640625
0 0.140625 0.896484375 0.015625 0.03515625
0 0.309375 0.8818359375 0.03125 0.044921875
0 0.54609375 0.8544921875 0.0859375 0.072265625
0 0.053125 0.9140625 0.025 0.05078125