0 0.37421875 0.6328125 0.0109375 0.0234375
0 0.32578125 0.6572265625 0.0484375 0.068359375
0 0.21015625 0.6513671875 0.0265625 0.056640625
0 0.575 0.66015625 0.025 0.0546875
0 0.4953125 0.6572265625 0.05 0.060546875
0 0.0421875 0.6513671875 0.028125 0.064453125
0 0.4515625 0.6513671875 0.021875 0.052734375
0 0.26484375 0.6572265625 0.0546875 0.064453125
0 0.6734375 0.6708984375 0.040625 0.087890625
0 0.94921875 0.677734375 0.0328125 0.0703125
0 0.9171875 0.681640625 0.05 0.078125
0 0.98046875 0.67578125 0.0359375 0.078125
0 0.13671875 0.66015625 0.0359375 0.0859375
0 0.83515625 0.6748046875 0.0421875 0.083984375
0 0.8078125 0.66796875 0.03125 0.0703125
0 0.7359375 0.6708984375 0.040625 0.080078125