0 0.65 0.419921875 0.025 0.03515625
0 0.53828125 0.419921875 0.0296875 0.02734375
0 0.959375 0.408203125 0.08125 0.03515625
0 0.59453125 0.419921875 0.0671875 0.03125
0 0.46640625 0.42578125 0.0921875 0.03515625
0 0.16953125 0.4482421875 0.0234375 0.052734375
0 0.01953125 0.447265625 0.0390625 0.05859375
0 0.8609375 0.41796875 0.09375 0.04296875
0 0.23125 0.443359375 0.08125 0.0625
0 0.11875 0.44921875 0.025 0.0625
0 0.73203125 0.421875 0.1265625 0.046875
0 0.34296875 0.431640625 0.1296875 0.046875
0 0.071875 0.4482421875 0.04375 0.064453125