0 0.8203125 0.7587890625 0.053125 0.076171875
0 0.87890625 0.775390625 0.0390625 0.05078125
0 0.94765625 0.7744140625 0.0828125 0.060546875
0 0.31171875 0.72265625 0.0296875 0.09765625
0 0.42578125 0.7265625 0.1515625 0.11328125
0 0.05234375 0.7109375 0.0234375 0.09765625
0 0.24375 0.7138671875 0.025 0.095703125
0 0.64765625 0.73828125 0.2703125 0.1171875
0 0.275 0.7197265625 0.028125 0.099609375
0 0.01796875 0.7099609375 0.0296875 0.099609375
0 0.19609375 0.71484375 0.0359375 0.12109375
0 0.0890625 0.7080078125 0.04375 0.130859375