0 0.7484375 0.3193359375 0.009375 0.033203125
0 0.11875 0.29296875 0.0125 0.04296875
0 0.7140625 0.3203125 0.0125 0.03515625
0 0.7765625 0.3251953125 0.025 0.037109375
0 0.89609375 0.3271484375 0.0328125 0.041015625
0 0.23984375 0.3017578125 0.0171875 0.052734375
0 0.60078125 0.3076171875 0.0234375 0.048828125
0 0.84296875 0.330078125 0.0296875 0.0390625
0 0.2109375 0.3037109375 0.0125 0.044921875
0 0.96640625 0.330078125 0.0546875 0.0390625
0 0.5140625 0.3056640625 0.034375 0.072265625
0 0.4359375 0.3115234375 0.078125 0.060546875
0 0.66171875 0.3232421875 0.0609375 0.044921875
0 0.021875 0.2939453125 0.0375 0.072265625
0 0.1625 0.302734375 0.05 0.0625
0 0.31796875 0.3076171875 0.1015625 0.060546875
0 0.07734375 0.29296875 0.0234375 0.06640625