0 0.78828125 0.396484375 0.0171875 0.05859375
0 0.9921875 0.3896484375 0.015625 0.052734375
0 0.9703125 0.39453125 0.025 0.05859375
0 0.56484375 0.3984375 0.0234375 0.0625
0 0.5234375 0.396484375 0.028125 0.0703125
0 0.021875 0.3740234375 0.034375 0.056640625
0 0.14375 0.3798828125 0.034375 0.056640625
0 0.665625 0.3974609375 0.034375 0.072265625
0 0.75234375 0.396484375 0.0328125 0.0703125
0 0.8328125 0.396484375 0.053125 0.06640625
0 0.27890625 0.38671875 0.0390625 0.0703125
0 0.9140625 0.3955078125 0.059375 0.068359375