0 0.66328125 0.3916015625 0.0234375 0.060546875
0 0.9484375 0.3916015625 0.1 0.052734375
0 0.553125 0.3876953125 0.05625 0.060546875
0 0.61484375 0.3896484375 0.0234375 0.060546875
0 0.23828125 0.373046875 0.0234375 0.05859375
0 0.83125 0.3935546875 0.01875 0.052734375
0 0.80234375 0.3935546875 0.0234375 0.056640625
0 0.2984375 0.37890625 0.040625 0.05859375
0 0.4203125 0.37890625 0.1125 0.06640625
0 0.1546875 0.3720703125 0.021875 0.064453125
0 0.87421875 0.396484375 0.0265625 0.05859375
0 0.20234375 0.3720703125 0.0296875 0.072265625
0 0.76640625 0.3935546875 0.0234375 0.064453125
0 0.096875 0.3701171875 0.028125 0.068359375