0 0.93984375 0.4677734375 0.0140625 0.048828125
0 0.9953125 0.4580078125 0.009375 0.041015625
0 0.73203125 0.48828125 0.0203125 0.05859375
0 0.978125 0.4638671875 0.01875 0.052734375
0 0.83203125 0.4794921875 0.0171875 0.056640625
0 0.32734375 0.5380859375 0.0203125 0.052734375
0 0.48515625 0.5244140625 0.0265625 0.064453125
0 0.36015625 0.537109375 0.0234375 0.06640625
0 0.5625 0.5146484375 0.01875 0.060546875
0 0.60078125 0.5107421875 0.0359375 0.060546875
0 0.80703125 0.484375 0.0234375 0.0625
0 0.18515625 0.5556640625 0.0265625 0.068359375
0 0.51796875 0.5205078125 0.0296875 0.068359375
0 0.659375 0.5029296875 0.025 0.068359375
0 0.7578125 0.4892578125 0.03125 0.068359375
0 0.8875 0.4765625 0.040625 0.0703125