0 0.71484375 0.3896484375 0.0171875 0.048828125
0 0.84609375 0.380859375 0.0203125 0.0546875
0 0.9890625 0.3701171875 0.021875 0.056640625
0 0.5859375 0.3955078125 0.040625 0.064453125
0 0.475 0.4052734375 0.028125 0.068359375
0 0.35078125 0.4111328125 0.0328125 0.072265625
0 0.26015625 0.416015625 0.0421875 0.06640625
0 0.63125 0.3935546875 0.03125 0.068359375
0 0.675 0.388671875 0.04375 0.05859375
0 0.43125 0.4072265625 0.046875 0.072265625
0 0.9109375 0.3740234375 0.0875 0.056640625
0 0.79296875 0.384765625 0.0328125 0.06640625