0 0.35703125 0.4169921875 0.0421875 0.064453125
0 0.7578125 0.3994140625 0.025 0.052734375
0 0.81640625 0.390625 0.0796875 0.0625
0 0.70703125 0.400390625 0.0265625 0.0625
0 0.54609375 0.408203125 0.0265625 0.0625
0 0.40078125 0.4169921875 0.0296875 0.072265625
0 0.4640625 0.4130859375 0.028125 0.064453125
0 0.0265625 0.427734375 0.03125 0.0625
0 0.9296875 0.3798828125 0.128125 0.052734375
0 0.196875 0.42578125 0.03125 0.07421875
0 0.60234375 0.40625 0.0546875 0.06640625
0 0.659375 0.400390625 0.04375 0.0625