0 0.4265625 0.4443359375 0.09375 0.052734375
0 0.19765625 0.4267578125 0.0171875 0.041015625
0 0.58125 0.4482421875 0.03125 0.029296875
0 0.296875 0.4375 0.059375 0.0546875
0 0.1484375 0.42578125 0.01875 0.046875
0 0.61484375 0.435546875 0.0140625 0.03125
0 0.69453125 0.4267578125 0.0203125 0.033203125
0 0.3578125 0.443359375 0.03125 0.0390625
0 0.5296875 0.451171875 0.046875 0.03515625
0 0.74140625 0.4228515625 0.0640625 0.041015625
0 0.0765625 0.431640625 0.03125 0.06640625
0 0.8109375 0.416015625 0.046875 0.046875