0 0.96796875 0.3896484375 0.0640625 0.025390625
0 0.44453125 0.3857421875 0.0140625 0.033203125
0 0.33984375 0.3916015625 0.0203125 0.052734375
0 0.2734375 0.3896484375 0.0875 0.060546875
0 0.70546875 0.400390625 0.0234375 0.05078125
0 0.03515625 0.384765625 0.0703125 0.0703125
0 0.190625 0.3857421875 0.059375 0.056640625
0 0.1453125 0.3876953125 0.025 0.064453125
0 0.88671875 0.388671875 0.0765625 0.02734375
0 0.74765625 0.400390625 0.0484375 0.046875
0 0.3953125 0.384765625 0.06875 0.04296875
0 0.103125 0.388671875 0.03125 0.06640625
0 0.8125 0.3955078125 0.053125 0.041015625
0 0.56796875 0.400390625 0.2171875 0.07421875