0 0.07734375 0.943359375 0.0859375 0.06640625
0 0.36953125 0.904296875 0.1296875 0.078125
0 0.2859375 0.9130859375 0.04375 0.048828125
0 0.49765625 0.8740234375 0.0265625 0.048828125
0 0.13984375 0.9326171875 0.0359375 0.052734375
0 0.228125 0.9169921875 0.028125 0.037109375
0 0.44296875 0.888671875 0.0421875 0.07421875
0 0.8078125 0.8369140625 0.0875 0.044921875
0 0.1796875 0.9287109375 0.034375 0.052734375
0 0.01875 0.947265625 0.034375 0.05859375
0 0.70625 0.85546875 0.09375 0.06640625
0 0.5859375 0.8740234375 0.1375 0.080078125