0 0.37890625 0.49609375 0.0609375 0.07421875
0 0.99609375 0.5322265625 0.0078125 0.052734375
0 0.97421875 0.53125 0.0109375 0.04296875
0 0.88125 0.5146484375 0.015625 0.052734375
0 0.24921875 0.4814453125 0.0609375 0.056640625
0 0.49296875 0.505859375 0.0421875 0.07421875
0 0.19453125 0.453125 0.0265625 0.015625
0 0.3078125 0.4814453125 0.01875 0.052734375
0 0.69296875 0.5078125 0.0265625 0.078125
0 0.84296875 0.513671875 0.0265625 0.0703125
0 0.92578125 0.5263671875 0.0578125 0.068359375
0 0.78671875 0.51171875 0.0390625 0.07421875
0 0.58359375 0.5087890625 0.0890625 0.076171875