0 0.7046875 0.4658203125 0.01875 0.083984375
0 0.8703125 0.48046875 0.015625 0.05859375
0 0.175 0.44140625 0.015625 0.078125
0 0.94609375 0.48046875 0.0890625 0.078125
0 0.12109375 0.44140625 0.0203125 0.1015625
0 0.21015625 0.4482421875 0.0203125 0.095703125
0 0.74765625 0.466796875 0.0515625 0.09765625
0 0.08984375 0.44140625 0.0203125 0.1015625
0 0.665625 0.466796875 0.03125 0.08203125
0 0.25390625 0.4462890625 0.0265625 0.107421875
0 0.5171875 0.458984375 0.021875 0.09375
0 0.8203125 0.4765625 0.021875 0.078125
0 0.02265625 0.439453125 0.0234375 0.1015625
0 0.5703125 0.458984375 0.05625 0.09765625
0 0.33203125 0.4521484375 0.0234375 0.103515625
0 0.43671875 0.455078125 0.0859375 0.1015625