0 0.57421875 0.32421875 0.0109375 0.03515625
0 0.85703125 0.345703125 0.0484375 0.03515625
0 0.5640625 0.3037109375 0.015625 0.044921875
0 0.775 0.34375 0.03125 0.03125
0 0.67421875 0.341796875 0.0640625 0.03515625
0 0.49375 0.3251953125 0.015625 0.037109375
0 0.91171875 0.3466796875 0.0296875 0.029296875
0 0.0203125 0.3134765625 0.040625 0.064453125
0 0.5421875 0.3212890625 0.0125 0.037109375
0 0.9703125 0.3466796875 0.05 0.033203125
0 0.61015625 0.3330078125 0.0296875 0.044921875
0 0.45234375 0.3203125 0.0328125 0.0625
0 0.3828125 0.31640625 0.04375 0.05859375
0 0.2984375 0.31640625 0.046875 0.07421875
0 0.10078125 0.3095703125 0.0671875 0.072265625
0 0.2125 0.30859375 0.03125 0.06640625