0 0.14609375 0.4453125 0.0109375 0.08203125
0 0.46015625 0.4541015625 0.0140625 0.064453125
0 0.82890625 0.4462890625 0.1265625 0.064453125
0 0.984375 0.4482421875 0.015625 0.044921875
0 0.49765625 0.455078125 0.0328125 0.0859375
0 0.328125 0.453125 0.059375 0.1015625
0 0.41484375 0.4560546875 0.0234375 0.087890625
0 0.64921875 0.443359375 0.1921875 0.0859375
0 0.18125 0.4501953125 0.04375 0.103515625
0 0.934375 0.439453125 0.05625 0.05078125
0 0.02734375 0.4501953125 0.0265625 0.115234375
0 0.10625 0.4462890625 0.028125 0.115234375
0 0.25546875 0.4501953125 0.0484375 0.111328125