0 0.6015625 0.462890625 0.0125 0.0390625
0 0.046875 0.5498046875 0.021875 0.052734375
0 0.53359375 0.4658203125 0.0078125 0.021484375
0 0.25625 0.5244140625 0.015625 0.052734375
0 0.99296875 0.4111328125 0.0140625 0.052734375
0 0.1453125 0.5380859375 0.01875 0.060546875
0 0.92578125 0.4208984375 0.0796875 0.064453125
0 0.31484375 0.5185546875 0.0234375 0.060546875
0 0.49921875 0.490234375 0.0234375 0.05859375
0 0.290625 0.5205078125 0.01875 0.056640625
0 0.3421875 0.513671875 0.025 0.05859375
0 0.625 0.46484375 0.025 0.0625
0 0.47421875 0.4951171875 0.0265625 0.056640625
0 0.85703125 0.4287109375 0.0234375 0.064453125
0 0.0703125 0.5478515625 0.03125 0.068359375
0 0.72265625 0.4501953125 0.0234375 0.064453125
0 0.1203125 0.5419921875 0.021875 0.060546875
0 0.4390625 0.4990234375 0.021875 0.056640625
0 0.79140625 0.4384765625 0.0296875 0.068359375
0 0.20078125 0.53125 0.0390625 0.0703125
0 0.6828125 0.455078125 0.040625 0.06640625