0 0.68125 0.451171875 0.0125 0.05859375
0 0.5265625 0.4365234375 0.015625 0.068359375
0 0.20859375 0.4404296875 0.0359375 0.080078125
0 0.71484375 0.451171875 0.0140625 0.05859375
0 0.82109375 0.4501953125 0.0171875 0.072265625
0 0.65 0.4404296875 0.021875 0.087890625
0 0.98046875 0.4501953125 0.0390625 0.076171875
0 0.5515625 0.439453125 0.025 0.08984375
0 0.303125 0.4306640625 0.025 0.103515625
0 0.765625 0.4443359375 0.028125 0.091796875
0 0.5984375 0.439453125 0.03125 0.09375
0 0.4328125 0.4384765625 0.021875 0.095703125
0 0.3875 0.4306640625 0.040625 0.111328125
0 0.8875 0.447265625 0.084375 0.08203125