0 0.70546875 0.5224609375 0.0234375 0.029296875
0 0.19140625 0.5556640625 0.0109375 0.033203125
0 0.41484375 0.54296875 0.0140625 0.046875
0 0.0125 0.5927734375 0.025 0.060546875
0 0.63984375 0.5322265625 0.0765625 0.044921875
0 0.35078125 0.5546875 0.0234375 0.0625
0 0.57265625 0.5361328125 0.0171875 0.048828125
0 0.315625 0.556640625 0.021875 0.05859375
0 0.3796875 0.55078125 0.021875 0.0625
0 0.21875 0.568359375 0.025 0.0703125
0 0.50546875 0.544921875 0.0703125 0.0625
0 0.14765625 0.580078125 0.0296875 0.0703125