0 0.70546875 0.5244140625 0.0171875 0.044921875
0 0.996875 0.46875 0.00625 0.03515625
0 0.271875 0.572265625 0.015625 0.05078125
0 0.87421875 0.4970703125 0.0171875 0.048828125
0 0.02734375 0.5986328125 0.0140625 0.048828125
0 0.7421875 0.517578125 0.021875 0.0546875
0 0.9703125 0.4833984375 0.021875 0.060546875
0 0.7859375 0.509765625 0.01875 0.05859375
0 0.92734375 0.490234375 0.0234375 0.06640625
0 0.29765625 0.572265625 0.0234375 0.06640625
0 0.4578125 0.55078125 0.021875 0.0625
0 0.11484375 0.59375 0.0234375 0.06640625
0 0.63515625 0.5263671875 0.0203125 0.056640625
0 0.59375 0.5361328125 0.028125 0.060546875