0 0.49765625 0.462890625 0.0140625 0.078125
0 0.16328125 0.45703125 0.0203125 0.08984375
0 0.02109375 0.4521484375 0.0421875 0.111328125
0 0.55703125 0.4482421875 0.0609375 0.064453125
0 0.1171875 0.45703125 0.028125 0.09765625
0 0.6140625 0.451171875 0.03125 0.06640625
0 0.440625 0.4619140625 0.04375 0.095703125
0 0.75 0.4599609375 0.159375 0.076171875
0 0.39453125 0.4638671875 0.0265625 0.095703125
0 0.85625 0.4697265625 0.01875 0.068359375
0 0.890625 0.46875 0.025 0.0703125
0 0.1875 0.4609375 0.028125 0.109375
0 0.96328125 0.447265625 0.0734375 0.046875
0 0.065625 0.4580078125 0.025 0.115234375
0 0.30234375 0.46484375 0.0390625 0.1015625
0 0.24453125 0.462890625 0.0453125 0.1015625