0 0.23046875 0.873046875 0.0953125 0.08203125
0 0.51875 0.8662109375 0.046875 0.064453125
0 0.79140625 0.8603515625 0.0203125 0.033203125
0 0.965625 0.865234375 0.06875 0.05859375
0 0.346875 0.857421875 0.0375 0.0546875
0 0.45625 0.8583984375 0.034375 0.048828125
0 0.840625 0.865234375 0.03125 0.046875
0 0.81015625 0.8662109375 0.0328125 0.048828125
0 0.909375 0.8642578125 0.03125 0.044921875
0 0.6078125 0.8525390625 0.021875 0.037109375
0 0.41484375 0.8623046875 0.0484375 0.056640625
0 0.878125 0.8662109375 0.034375 0.048828125
0 0.709375 0.8662109375 0.0375 0.052734375
0 0.096875 0.8505859375 0.0375 0.060546875
0 0.65078125 0.8681640625 0.0453125 0.060546875