0 0.43984375 0.447265625 0.0390625 0.04296875
0 0.56796875 0.4482421875 0.1671875 0.048828125
0 0.74609375 0.44921875 0.0703125 0.04296875
0 0.97734375 0.447265625 0.0265625 0.03515625
0 0.15 0.4482421875 0.015625 0.037109375
0 0.83203125 0.451171875 0.0140625 0.03125
0 0.38828125 0.4462890625 0.0390625 0.041015625
0 0.34609375 0.4462890625 0.0265625 0.044921875
0 0.06171875 0.4453125 0.0171875 0.0390625
0 0.27734375 0.4462890625 0.0546875 0.044921875
0 0.91796875 0.4462890625 0.0421875 0.033203125
0 0.2171875 0.447265625 0.028125 0.046875
0 0.68046875 0.451171875 0.0296875 0.04296875
0 0.80234375 0.44921875 0.0390625 0.03515625
0 0.86875 0.4482421875 0.05 0.037109375
0 0.10859375 0.4423828125 0.0578125 0.044921875
0 0.021875 0.4423828125 0.04375 0.044921875