0 0.50546875 0.498046875 0.0171875 0.05859375
0 0.80234375 0.4501953125 0.0671875 0.044921875
0 0.23828125 0.5322265625 0.0078125 0.017578125
0 0.1765625 0.56640625 0.009375 0.05078125
0 0.1234375 0.578125 0.0125 0.04296875
0 0.09921875 0.58203125 0.0171875 0.0546875
0 0.65546875 0.4736328125 0.0140625 0.048828125
0 0.071875 0.5849609375 0.015625 0.052734375
0 0.56484375 0.48828125 0.0171875 0.05859375
0 0.72265625 0.4599609375 0.0140625 0.048828125
0 0.26953125 0.5458984375 0.0203125 0.060546875
0 0.48203125 0.5048828125 0.0203125 0.064453125
0 0.590625 0.4853515625 0.025 0.060546875
0 0.19921875 0.5615234375 0.0171875 0.056640625
0 0.44921875 0.5048828125 0.0203125 0.060546875
0 0.31328125 0.5380859375 0.0328125 0.064453125
0 0.53671875 0.4921875 0.0234375 0.05859375
0 0.38828125 0.5205078125 0.0203125 0.068359375
0 0.04375 0.5908203125 0.021875 0.056640625