0 0.39296875 0.52734375 0.0140625 0.05859375
0 0.72578125 0.4599609375 0.0109375 0.017578125
0 0.95234375 0.4599609375 0.0140625 0.056640625
0 0.790625 0.478515625 0.01875 0.0546875
0 0.25234375 0.5390625 0.0203125 0.05078125
0 0.01328125 0.56640625 0.0234375 0.0703125
0 0.36640625 0.5322265625 0.0265625 0.072265625
0 0.47578125 0.5166015625 0.0234375 0.064453125
0 0.6546875 0.4951171875 0.025 0.068359375
0 0.86796875 0.4697265625 0.0234375 0.064453125
0 0.69921875 0.490234375 0.0234375 0.0625
0 0.42578125 0.5234375 0.0234375 0.0625
0 0.18828125 0.5498046875 0.0265625 0.068359375
0 0.31796875 0.53515625 0.0234375 0.06640625
0 0.92578125 0.4638671875 0.0296875 0.060546875