0 0.03671875 0.533203125 0.0078125 0.01171875
0 0.53515625 0.4677734375 0.0078125 0.021484375
0 0.43515625 0.505859375 0.0859375 0.0625
0 0.621875 0.466796875 0.015625 0.0546875
0 0.334375 0.525390625 0.09375 0.05859375
0 0.99375 0.4072265625 0.0125 0.044921875
0 0.75859375 0.4423828125 0.0171875 0.052734375
0 0.90625 0.408203125 0.009375 0.02734375
0 0.26171875 0.525390625 0.0171875 0.046875
0 0.86171875 0.4296875 0.0609375 0.0625
0 0.0140625 0.5595703125 0.028125 0.064453125
0 0.5140625 0.490234375 0.021875 0.0546875
0 0.68046875 0.4580078125 0.0234375 0.064453125
0 0.0875 0.5498046875 0.025 0.060546875
0 0.71015625 0.4541015625 0.0265625 0.068359375
0 0.78984375 0.44140625 0.0265625 0.06640625
0 0.20390625 0.53515625 0.0296875 0.0625
0 0.5953125 0.4736328125 0.034375 0.068359375