0 0.4609375 0.4638671875 0.04375 0.076171875
0 0.02109375 0.45703125 0.0203125 0.08203125
0 0.19296875 0.4638671875 0.0171875 0.072265625
0 0.8890625 0.4560546875 0.0625 0.044921875
0 0.68359375 0.46484375 0.0296875 0.07421875
0 0.73125 0.4677734375 0.021875 0.068359375
0 0.40859375 0.4638671875 0.0203125 0.076171875
0 0.13671875 0.4560546875 0.0265625 0.091796875
0 0.5328125 0.46484375 0.05 0.078125
0 0.7671875 0.47265625 0.01875 0.0625
0 0.259375 0.4580078125 0.084375 0.083984375
0 0.80859375 0.4677734375 0.0328125 0.068359375
0 0.61796875 0.462890625 0.0546875 0.07421875
0 0.359375 0.4580078125 0.053125 0.080078125