0 0.378125 0.3681640625 0.109375 0.099609375
0 0.9578125 0.4091796875 0.009375 0.025390625
0 0.78359375 0.4091796875 0.0078125 0.029296875
0 0.52578125 0.400390625 0.0109375 0.03515625
0 0.9859375 0.412109375 0.025 0.02734375
0 0.49140625 0.3798828125 0.0515625 0.099609375
0 0.54453125 0.3935546875 0.0078125 0.025390625
0 0.8515625 0.3916015625 0.009375 0.025390625
0 0.20625 0.3798828125 0.0125 0.041015625
0 0.640625 0.4033203125 0.0125 0.033203125
0 0.67109375 0.404296875 0.0109375 0.03125
0 0.596875 0.404296875 0.021875 0.0390625
0 0.25 0.3681640625 0.01875 0.076171875
0 0.1140625 0.3662109375 0.01875 0.060546875
0 0.88125 0.4033203125 0.015625 0.037109375
0 0.68828125 0.4052734375 0.0109375 0.033203125
0 0.74296875 0.4052734375 0.0109375 0.029296875
0 0.80234375 0.4111328125 0.0109375 0.033203125
0 0.92734375 0.4072265625 0.0140625 0.033203125