0 0.00390625 0.4482421875 0.0078125 0.029296875
0 0.2984375 0.4482421875 0.015625 0.041015625
0 0.32734375 0.4462890625 0.0296875 0.041015625
0 0.571875 0.451171875 0.015625 0.0390625
0 0.51640625 0.447265625 0.0765625 0.04296875
0 0.26875 0.44921875 0.01875 0.04296875
0 0.94921875 0.4482421875 0.0953125 0.041015625
0 0.8578125 0.44921875 0.06875 0.04296875
0 0.0515625 0.4462890625 0.01875 0.041015625
0 0.0921875 0.447265625 0.01875 0.04296875
0 0.66484375 0.44921875 0.1671875 0.05078125
0 0.234375 0.4462890625 0.03125 0.044921875
0 0.134375 0.447265625 0.025 0.046875
0 0.78671875 0.4482421875 0.0515625 0.041015625
0 0.18515625 0.4462890625 0.0515625 0.044921875
0 0.4125 0.4462890625 0.1125 0.044921875