0 0.95390625 0.4541015625 0.0078125 0.037109375
0 0.9875 0.4560546875 0.025 0.052734375
0 0.53671875 0.4482421875 0.0328125 0.103515625
0 0.30390625 0.4423828125 0.0203125 0.087890625
0 0.1265625 0.435546875 0.025 0.10546875
0 0.4875 0.44921875 0.021875 0.0859375
0 0.6578125 0.4560546875 0.025 0.087890625
0 0.76484375 0.4599609375 0.0609375 0.091796875
0 0.33671875 0.44140625 0.0234375 0.10546875
0 0.40078125 0.4462890625 0.0265625 0.091796875
0 0.60625 0.4482421875 0.040625 0.103515625
0 0.88515625 0.4453125 0.1140625 0.06640625