0 0.81875 0.34765625 0.015625 0.0625
0 0.3265625 0.349609375 0.025 0.0546875
0 0.5609375 0.3505859375 0.025 0.068359375
0 0.67890625 0.3466796875 0.0359375 0.064453125
0 0.59296875 0.349609375 0.0265625 0.0703125
0 0.63984375 0.3486328125 0.0359375 0.068359375
0 0.91328125 0.3447265625 0.0546875 0.064453125
0 0.77421875 0.34765625 0.0390625 0.05859375
0 0.51640625 0.3525390625 0.0390625 0.076171875
0 0.7203125 0.34765625 0.03125 0.0703125
0 0.44375 0.353515625 0.04375 0.07421875
0 0.97578125 0.34375 0.0453125 0.06640625
0 0.8515625 0.3466796875 0.0375 0.068359375