0 0.61953125 0.4521484375 0.0515625 0.037109375
0 0.53125 0.4501953125 0.071875 0.033203125
0 0.1 0.4541015625 0.065625 0.056640625
0 0.04921875 0.4599609375 0.0109375 0.044921875
0 0.4671875 0.4541015625 0.028125 0.037109375
0 0.209375 0.4521484375 0.04375 0.048828125
0 0.42109375 0.4599609375 0.0203125 0.044921875
0 0.16484375 0.4619140625 0.0171875 0.048828125
0 0.27890625 0.4501953125 0.0640625 0.044921875
0 0.36328125 0.4560546875 0.0515625 0.052734375
0 0.01484375 0.4609375 0.0265625 0.06640625