0 0.43046875 0.4501953125 0.0171875 0.037109375
0 0.48125 0.447265625 0.04375 0.03125
0 0.97421875 0.4580078125 0.0515625 0.029296875
0 0.40390625 0.4482421875 0.0265625 0.037109375
0 0.17109375 0.44140625 0.0703125 0.046875
0 0.0046875 0.443359375 0.009375 0.03125
0 0.0515625 0.439453125 0.04375 0.0390625
0 0.34375 0.443359375 0.040625 0.03515625
0 0.2578125 0.447265625 0.0125 0.03125
0 0.2953125 0.4443359375 0.05 0.041015625
0 0.228125 0.443359375 0.0375 0.0390625
0 0.10625 0.44140625 0.028125 0.04296875
0 0.73828125 0.4580078125 0.4140625 0.044921875