0 0.6265625 0.3701171875 0.021875 0.041015625
0 0.525 0.400390625 0.025 0.08203125
0 0.58125 0.375 0.071875 0.046875
0 0.375 0.435546875 0.04375 0.140625
0 0.60546875 0.3740234375 0.0171875 0.044921875
0 0.7546875 0.35546875 0.03125 0.02734375
0 0.06796875 0.4541015625 0.0265625 0.111328125
0 0.21796875 0.4423828125 0.0234375 0.150390625
0 0.68359375 0.365234375 0.0921875 0.04296875
0 0.43125 0.431640625 0.146875 0.15234375
0 0.3234375 0.4384765625 0.03125 0.142578125
0 0.1703125 0.443359375 0.028125 0.15234375
0 0.26015625 0.4443359375 0.0328125 0.154296875