0 0.15234375 0.673828125 0.0140625 0.046875
0 0.98125 0.6357421875 0.0375 0.033203125
0 0.12421875 0.6728515625 0.0140625 0.048828125
0 0.6578125 0.60546875 0.021875 0.1015625
0 0.3046875 0.6640625 0.15625 0.06640625
0 0.046875 0.6796875 0.021875 0.05078125
0 0.92578125 0.5947265625 0.0484375 0.119140625
0 0.41171875 0.61328125 0.0421875 0.1328125
0 0.08671875 0.67578125 0.0234375 0.0546875
0 0.18984375 0.626953125 0.0484375 0.1484375
0 0.59609375 0.6064453125 0.0421875 0.126953125
0 0.525 0.6064453125 0.04375 0.130859375
0 0.8265625 0.607421875 0.115625 0.10546875