0 0.76796875 0.41796875 0.0171875 0.08984375
0 0.5875 0.419921875 0.01875 0.10546875
0 0.55546875 0.41796875 0.0234375 0.11328125
0 0.7296875 0.41796875 0.028125 0.1171875
0 0.04765625 0.388671875 0.0296875 0.1484375
0 0.95390625 0.42578125 0.0609375 0.1015625
0 0.51640625 0.4169921875 0.0265625 0.123046875
0 0.16484375 0.390625 0.0359375 0.1484375
0 0.65 0.4208984375 0.028125 0.115234375
0 0.2875 0.4013671875 0.03125 0.146484375
0 0.80625 0.421875 0.04375 0.109375
0 0.88125 0.423828125 0.05 0.11328125