0 0.3171875 0.5732421875 0.015625 0.060546875
0 0.846875 0.580078125 0.009375 0.0234375
0 0.99453125 0.5634765625 0.0078125 0.029296875
0 0.9515625 0.5830078125 0.009375 0.025390625
0 0.83203125 0.580078125 0.0078125 0.0234375
0 0.5765625 0.5673828125 0.025 0.080078125
0 0.8046875 0.58203125 0.009375 0.02734375
0 0.40703125 0.5625 0.0171875 0.07421875
0 0.20390625 0.5595703125 0.0171875 0.076171875
0 0.12421875 0.5693359375 0.0203125 0.083984375
0 0.71328125 0.5751953125 0.0078125 0.021484375
0 0.6703125 0.5673828125 0.05 0.083984375
0 0.89765625 0.5810546875 0.0078125 0.025390625
0 0.44609375 0.56640625 0.0203125 0.078125
0 0.53046875 0.56640625 0.0328125 0.078125
0 0.76640625 0.5859375 0.0171875 0.0390625