0 0.9484375 0.8798828125 0.01875 0.033203125
0 0.784375 0.9052734375 0.2375 0.072265625
0 0.321875 0.9091796875 0.015625 0.033203125
0 0.98203125 0.880859375 0.0359375 0.04296875
0 0.38203125 0.91015625 0.0265625 0.0390625
0 0.171875 0.91015625 0.021875 0.0390625
0 0.2984375 0.9140625 0.03125 0.046875
0 0.1453125 0.9150390625 0.025 0.044921875
0 0.40625 0.91015625 0.03125 0.04296875
0 0.3484375 0.912109375 0.03125 0.046875
0 0.4921875 0.9091796875 0.03125 0.048828125
0 0.2 0.916015625 0.040625 0.05859375
0 0.09296875 0.921875 0.0359375 0.05859375
0 0.584375 0.908203125 0.13125 0.06640625
0 0.2703125 0.9140625 0.03125 0.05078125