0 0.65546875 0.486328125 0.0328125 0.02734375
0 0.60703125 0.48828125 0.0421875 0.03515625
0 0.16875 0.50390625 0.01875 0.05859375
0 0.13828125 0.5068359375 0.0265625 0.056640625
0 0.30390625 0.501953125 0.0140625 0.03515625
0 0.33125 0.5029296875 0.009375 0.037109375
0 0.2234375 0.5078125 0.01875 0.04296875
0 0.57421875 0.4873046875 0.0109375 0.041015625
0 0.540625 0.4873046875 0.0125 0.044921875
0 0.24921875 0.5078125 0.0140625 0.04296875
0 0.2734375 0.5029296875 0.0125 0.037109375
0 0.39765625 0.4990234375 0.0109375 0.037109375