0 0.43203125 0.404296875 0.0328125 0.0546875
0 0.9359375 0.3740234375 0.0375 0.060546875
0 0.4015625 0.4052734375 0.028125 0.056640625
0 0.82578125 0.3828125 0.0234375 0.06640625
0 0.80078125 0.384765625 0.0234375 0.06640625
0 0.47578125 0.4033203125 0.0609375 0.056640625
0 0.978125 0.3720703125 0.028125 0.068359375
0 0.8984375 0.37890625 0.0375 0.0703125
0 0.8609375 0.3828125 0.028125 0.0703125
0 0.3703125 0.408203125 0.028125 0.05859375
0 0.77265625 0.38671875 0.0265625 0.0703125
0 0.74375 0.3896484375 0.025 0.068359375
0 0.553125 0.4013671875 0.0375 0.064453125
0 0.61015625 0.3974609375 0.0421875 0.068359375
0 0.31640625 0.412109375 0.0390625 0.05859375
0 0.68125 0.39453125 0.0375 0.0703125