0 0.0640625 0.388671875 0.015625 0.05859375
0 0.97421875 0.39453125 0.0203125 0.03125
0 0.4421875 0.3994140625 0.028125 0.056640625
0 0.26796875 0.3955078125 0.0734375 0.064453125
0 0.91953125 0.3916015625 0.0671875 0.029296875
0 0.4078125 0.400390625 0.01875 0.0546875
0 0.36015625 0.3974609375 0.0265625 0.060546875
0 0.834375 0.39453125 0.084375 0.0390625
0 0.759375 0.3984375 0.046875 0.04296875
0 0.109375 0.3916015625 0.053125 0.068359375
0 0.18984375 0.39453125 0.0578125 0.0703125
0 0.02890625 0.388671875 0.0328125 0.0703125
0 0.60859375 0.4072265625 0.2234375 0.083984375