0 0.49453125 0.4697265625 0.0109375 0.025390625
0 0.14140625 0.4921875 0.0296875 0.05859375
0 0.11328125 0.46875 0.0109375 0.02734375
0 0.32265625 0.4892578125 0.0265625 0.056640625
0 0.52578125 0.5048828125 0.0203125 0.060546875
0 0.00546875 0.4736328125 0.0109375 0.037109375
0 0.95078125 0.5166015625 0.0203125 0.060546875
0 0.25703125 0.4873046875 0.0296875 0.064453125
0 0.3875 0.4951171875 0.01875 0.060546875
0 0.6453125 0.509765625 0.021875 0.0625
0 0.04765625 0.484375 0.0203125 0.0625
0 0.7953125 0.509765625 0.01875 0.0625
0 0.684375 0.505859375 0.021875 0.0703125
0 0.0875 0.4833984375 0.021875 0.060546875
0 0.8734375 0.51953125 0.09375 0.0703125
0 0.5734375 0.5048828125 0.040625 0.080078125
0 0.740625 0.5068359375 0.046875 0.072265625