0 0.028125 0.8154296875 0.04375 0.083984375
0 0.296875 0.8251953125 0.0375 0.068359375
0 0.95625 0.857421875 0.0875 0.03515625
0 0.57421875 0.8291015625 0.0390625 0.068359375
0 0.26796875 0.8291015625 0.0453125 0.076171875
0 0.33125 0.8212890625 0.040625 0.076171875
0 0.1875 0.8193359375 0.040625 0.076171875
0 0.85546875 0.8466796875 0.1078125 0.056640625
0 0.1609375 0.814453125 0.03125 0.0703125
0 0.54453125 0.826171875 0.0359375 0.0703125
0 0.76171875 0.8369140625 0.0796875 0.076171875
0 0.3765625 0.8203125 0.040625 0.078125
0 0.0890625 0.81640625 0.04375 0.08203125
0 0.475 0.8271484375 0.08125 0.087890625
0 0.653125 0.8330078125 0.078125 0.080078125