0 0.74921875 0.4775390625 0.0359375 0.056640625
0 0.0375 0.5830078125 0.0125 0.048828125
0 0.859375 0.455078125 0.05 0.05859375
0 0.16640625 0.56640625 0.0171875 0.05078125
0 0.8078125 0.46484375 0.03125 0.05859375
0 0.4078125 0.525390625 0.015625 0.0546875
0 0.19921875 0.560546875 0.0203125 0.05859375
0 0.5390625 0.5068359375 0.01875 0.056640625
0 0.57734375 0.501953125 0.0171875 0.0546875
0 0.984375 0.4306640625 0.025 0.064453125
0 0.709375 0.4833984375 0.03125 0.056640625
0 0.253125 0.5517578125 0.01875 0.056640625
0 0.4921875 0.5146484375 0.0375 0.064453125
0 0.93671875 0.439453125 0.0359375 0.05859375
0 0.6375 0.494140625 0.034375 0.05859375