0 0.7171875 0.560546875 0.021875 0.03515625
0 0.74140625 0.5576171875 0.0109375 0.033203125
0 0.59765625 0.548828125 0.0140625 0.03515625
0 0.86640625 0.5615234375 0.0140625 0.033203125
0 0.92265625 0.5703125 0.0421875 0.0390625
0 0.525 0.5546875 0.071875 0.046875
0 0.62734375 0.5546875 0.0171875 0.0390625
0 0.3796875 0.537109375 0.015625 0.03515625
0 0.23828125 0.529296875 0.0140625 0.03515625
0 0.45078125 0.5419921875 0.0140625 0.037109375
0 0.11015625 0.5234375 0.0140625 0.03515625
0 0.8046875 0.560546875 0.015625 0.0390625
0 0.978125 0.572265625 0.0375 0.04296875