0 0.31015625 0.841796875 0.0171875 0.03515625
0 0.03203125 0.86328125 0.0640625 0.06640625
0 0.8671875 0.8125 0.13125 0.05859375
0 0.11953125 0.861328125 0.0390625 0.05859375
0 0.36015625 0.8427734375 0.0421875 0.044921875
0 0.27421875 0.84375 0.0234375 0.04296875
0 0.51953125 0.8291015625 0.0171875 0.029296875
0 0.4 0.8408203125 0.03125 0.048828125
0 0.96796875 0.79296875 0.0421875 0.04296875
0 0.7546875 0.814453125 0.046875 0.05078125
0 0.63046875 0.8212890625 0.0671875 0.056640625
0 0.234375 0.849609375 0.053125 0.05859375
0 0.4375 0.83984375 0.034375 0.05078125