0 0.00390625 0.810546875 0.0078125 0.05859375
0 0.32109375 0.763671875 0.1015625 0.06640625
0 0.68828125 0.705078125 0.0171875 0.03515625
0 0.21015625 0.7744140625 0.0171875 0.064453125
0 0.66328125 0.703125 0.0171875 0.04296875
0 0.08828125 0.7958984375 0.0203125 0.064453125
0 0.24765625 0.7724609375 0.0203125 0.064453125
0 0.17578125 0.7822265625 0.0203125 0.064453125
0 0.615625 0.7080078125 0.01875 0.048828125
0 0.5875 0.71484375 0.021875 0.0546875
0 0.45390625 0.7353515625 0.0703125 0.068359375