0 0.73125 0.517578125 0.03125 0.03125
0 0.6984375 0.5146484375 0.009375 0.025390625
0 0.6609375 0.521484375 0.0375 0.04296875
0 0.38515625 0.5458984375 0.0203125 0.060546875
0 0.36484375 0.5478515625 0.0203125 0.060546875
0 0.59296875 0.52734375 0.0171875 0.046875
0 0.18046875 0.5673828125 0.0234375 0.064453125
0 0.12734375 0.576171875 0.0359375 0.0625
0 0.50078125 0.53515625 0.0265625 0.05078125
0 0.0671875 0.5810546875 0.028125 0.056640625
0 0.57265625 0.529296875 0.0171875 0.05078125
0 0.2953125 0.5537109375 0.025 0.068359375
0 0.4640625 0.5380859375 0.021875 0.060546875