0 0.66484375 0.4033203125 0.0171875 0.048828125
0 0.990625 0.384765625 0.015625 0.04296875
0 0.890625 0.3916015625 0.01875 0.052734375
0 0.95859375 0.388671875 0.0453125 0.05859375
0 0.571875 0.4091796875 0.025 0.060546875
0 0.35234375 0.4208984375 0.0390625 0.064453125
0 0.24296875 0.4248046875 0.0234375 0.064453125
0 0.2171875 0.427734375 0.021875 0.0625
0 0.1890625 0.4267578125 0.025 0.064453125
0 0.621875 0.4052734375 0.065625 0.060546875
0 0.5125 0.4140625 0.053125 0.06640625
0 0.3953125 0.4208984375 0.028125 0.072265625
0 0.2765625 0.4248046875 0.028125 0.072265625
0 0.31484375 0.4228515625 0.0328125 0.072265625
0 0.0265625 0.4306640625 0.040625 0.068359375
0 0.159375 0.4296875 0.025 0.06640625
0 0.46171875 0.416015625 0.0390625 0.06640625
0 0.86171875 0.3955078125 0.0296875 0.060546875
0 0.0984375 0.431640625 0.034375 0.0703125
0 0.7125 0.4013671875 0.0375 0.060546875
0 0.77890625 0.3984375 0.0796875 0.0625