0 0.3015625 0.6884765625 0.053125 0.087890625
0 0.00703125 0.689453125 0.0140625 0.05859375
0 0.98125 0.716796875 0.0375 0.05859375
0 0.8265625 0.7021484375 0.034375 0.080078125
0 0.76484375 0.701171875 0.0515625 0.0859375
0 0.72421875 0.703125 0.0328125 0.078125
0 0.94375 0.716796875 0.03125 0.0546875
0 0.04453125 0.689453125 0.0421875 0.1015625
0 0.16875 0.68359375 0.04375 0.08203125
0 0.9046875 0.7041015625 0.05625 0.080078125
0 0.86015625 0.69921875 0.0296875 0.0703125
0 0.1078125 0.689453125 0.065625 0.09765625
0 0.68515625 0.697265625 0.0484375 0.08203125
0 0.35 0.685546875 0.03125 0.078125
0 0.490625 0.6904296875 0.05 0.083984375
0 0.57265625 0.69921875 0.1078125 0.08984375
0 0.26796875 0.685546875 0.0453125 0.0859375
0 0.39921875 0.6923828125 0.0515625 0.091796875