0 0.99453125 0.82421875 0.0109375 0.0390625
0 0.9328125 0.818359375 0.01875 0.03125
0 0.63671875 0.822265625 0.0234375 0.0390625
0 0.79140625 0.8212890625 0.0203125 0.037109375
0 0.61171875 0.82421875 0.0265625 0.046875
0 0.403125 0.830078125 0.04375 0.0625
0 0.85234375 0.8212890625 0.0296875 0.041015625
0 0.76796875 0.82421875 0.0296875 0.046875
0 0.5578125 0.830078125 0.0375 0.05859375
0 0.3140625 0.830078125 0.040625 0.06640625
0 0.8796875 0.8212890625 0.03125 0.044921875
0 0.81953125 0.822265625 0.0328125 0.046875
0 0.66953125 0.82421875 0.0390625 0.05859375
0 0.378125 0.822265625 0.03125 0.046875
0 0.96953125 0.8203125 0.0328125 0.046875
0 0.73984375 0.8232421875 0.0328125 0.048828125
0 0.05859375 0.83203125 0.0515625 0.078125
0 0.13359375 0.83203125 0.0484375 0.07421875
0 0.215625 0.8359375 0.05 0.08203125