0 0.1515625 0.568359375 0.015625 0.05859375
0 0.51796875 0.5400390625 0.0140625 0.052734375
0 0.0421875 0.5703125 0.08125 0.0546875
0 0.99609375 0.486328125 0.0078125 0.0390625
0 0.84296875 0.494140625 0.0109375 0.03125
0 0.965625 0.4951171875 0.01875 0.052734375
0 0.38671875 0.54296875 0.0140625 0.04296875
0 0.5796875 0.53515625 0.021875 0.05859375
0 0.54453125 0.5380859375 0.0203125 0.060546875
0 0.25234375 0.55859375 0.0203125 0.05859375
0 0.65859375 0.5302734375 0.0359375 0.060546875
0 0.346875 0.55078125 0.028125 0.0546875
0 0.8703125 0.5068359375 0.025 0.072265625
0 0.79921875 0.5185546875 0.0328125 0.072265625