0 0.46640625 0.6650390625 0.0296875 0.052734375
0 0.02109375 0.66015625 0.0390625 0.08984375
0 0.990625 0.6904296875 0.01875 0.060546875
0 0.75390625 0.68359375 0.0609375 0.078125
0 0.95625 0.6845703125 0.05625 0.076171875
0 0.90078125 0.6806640625 0.0328125 0.072265625
0 0.23359375 0.6650390625 0.0828125 0.068359375
0 0.79765625 0.6796875 0.0328125 0.0703125
0 0.703125 0.6796875 0.05625 0.078125
0 0.34140625 0.666015625 0.0578125 0.06640625
0 0.64765625 0.67578125 0.0390625 0.078125
0 0.846875 0.6806640625 0.040625 0.080078125
0 0.5453125 0.6708984375 0.09375 0.060546875
0 0.08984375 0.6630859375 0.0484375 0.107421875