0 0.61328125 0.4169921875 0.0609375 0.119140625
0 0.9609375 0.419921875 0.06875 0.1015625
0 0.51328125 0.4111328125 0.0359375 0.138671875
0 0.29453125 0.4091796875 0.0296875 0.134765625
0 0.87109375 0.419921875 0.0796875 0.109375
0 0.22109375 0.40625 0.0265625 0.1328125
0 0.453125 0.4169921875 0.028125 0.123046875
0 0.12109375 0.4033203125 0.0265625 0.126953125
0 0.17109375 0.3994140625 0.0296875 0.142578125
0 0.8046875 0.42578125 0.028125 0.10546875
0 0.72109375 0.4150390625 0.0984375 0.111328125