0 0.41015625 0.88671875 0.1453125 0.0859375
0 0.84609375 0.828125 0.0390625 0.03125
0 0.81171875 0.828125 0.0234375 0.03515625
0 0.69765625 0.845703125 0.0296875 0.05078125
0 0.24765625 0.9072265625 0.0140625 0.029296875
0 0.6484375 0.853515625 0.0625 0.05859375
0 0.73203125 0.8447265625 0.0453125 0.056640625
0 0.77421875 0.8369140625 0.0484375 0.048828125
0 0.09921875 0.9306640625 0.0265625 0.052734375
0 0.125 0.927734375 0.025 0.046875
0 0.06953125 0.939453125 0.0359375 0.0625
0 0.028125 0.943359375 0.05625 0.0625
0 0.534375 0.8701171875 0.065625 0.068359375
0 0.590625 0.8642578125 0.053125 0.068359375