0 0.40625 0.529296875 0.134375 0.0703125
0 0.5640625 0.509765625 0.065625 0.0625
0 0.86953125 0.44921875 0.0171875 0.05859375
0 0.7984375 0.4619140625 0.015625 0.052734375
0 0.8484375 0.4541015625 0.015625 0.056640625
0 0.11640625 0.57421875 0.0265625 0.0546875
0 0.63515625 0.49609375 0.0453125 0.05859375
0 0.96015625 0.4306640625 0.0203125 0.060546875
0 0.321875 0.54296875 0.028125 0.06640625
0 0.509375 0.513671875 0.028125 0.05859375
0 0.2015625 0.560546875 0.03125 0.05859375
0 0.25390625 0.552734375 0.0265625 0.0625
0 0.73359375 0.4765625 0.0234375 0.0625