0 0.72109375 0.8310546875 0.0203125 0.037109375
0 0.76328125 0.83203125 0.0203125 0.0390625
0 0.29609375 0.8349609375 0.0296875 0.044921875
0 0.53359375 0.8427734375 0.0453125 0.060546875
0 0.78203125 0.8330078125 0.0265625 0.041015625
0 0.97890625 0.8369140625 0.0421875 0.052734375
0 0.6859375 0.8330078125 0.03125 0.044921875
0 0.4578125 0.8349609375 0.034375 0.052734375
0 0.93203125 0.828125 0.0203125 0.03125
0 0.81328125 0.833984375 0.0359375 0.05078125
0 0.85078125 0.833984375 0.0359375 0.05078125
0 0.2484375 0.8330078125 0.040625 0.064453125
0 0.39296875 0.8349609375 0.0390625 0.060546875
0 0.64609375 0.8359375 0.0578125 0.05859375