0 0.6765625 0.4658203125 0.0125 0.056640625
0 0.3171875 0.458984375 0.084375 0.078125
0 0.11328125 0.4521484375 0.0609375 0.095703125
0 0.790625 0.466796875 0.015625 0.0546875
0 0.24375 0.4658203125 0.0125 0.052734375
0 0.7125 0.462890625 0.034375 0.06640625
0 0.875 0.4560546875 0.11875 0.048828125
0 0.98203125 0.4638671875 0.0359375 0.044921875
0 0.7515625 0.4638671875 0.021875 0.064453125
0 0.3859375 0.4638671875 0.015625 0.064453125
0 0.459375 0.4599609375 0.06875 0.076171875
0 0.19296875 0.462890625 0.0203125 0.078125
0 0.0375 0.458984375 0.03125 0.078125
0 0.5453125 0.458984375 0.071875 0.07421875
0 0.6265625 0.4619140625 0.05625 0.072265625