0 0.534375 0.5947265625 0.021875 0.064453125
0 0.28046875 0.599609375 0.0234375 0.0546875
0 0.62421875 0.5927734375 0.0578125 0.068359375
0 0.0296875 0.6142578125 0.059375 0.072265625
0 0.415625 0.595703125 0.03125 0.06640625
0 0.94375 0.5732421875 0.025 0.064453125
0 0.1640625 0.611328125 0.065625 0.07421875
0 0.97890625 0.5654296875 0.0265625 0.068359375
0 0.87734375 0.5751953125 0.0296875 0.076171875
0 0.72265625 0.583984375 0.0296875 0.07421875
0 0.846875 0.5771484375 0.028125 0.076171875
0 0.7859375 0.58203125 0.04375 0.0703125