0 0.96584845 0.32942891 0.06716061 0.08285695
0 0.43164530 0.32189971 0.03900690 0.11195850
0 0.21096309 0.31047982 0.02308521 0.09673810
0 0.37439272 0.32091027 0.02337318 0.09413564
0 0.57166892 0.33336657 0.03686924 0.11195791
0 0.32399124 0.32008737 0.02089138 0.08059871
0 0.46495837 0.32335025 0.02344055 0.11100054
0 0.52907467 0.32886186 0.03124294 0.09373462
0 0.18625924 0.30994236 0.02191088 0.09577137
0 0.49686271 0.32845578 0.02513866 0.10540879
0 0.13389808 0.32096043 0.02338097 0.08212870
0 0.70107412 0.33913785 0.18998727 0.12476218
0 0.29168907 0.32013798 0.02175274 0.07003331
0 0.61425030 0.33066094 0.02488403 0.09940779
0 0.86432588 0.33198801 0.11676941 0.09369957
0 0.77303529 0.33899009 0.03925323 0.11129296
0 0.83480436 0.32999843 0.05403977 0.09018850
